time,x,y,z,phi,theta,psi,x_velocity,y_velocity,z_velocity,phi_velocity,theta_velocity,psi_velocity,rotor_speed1,rotor_speed2,rotor_speed3,rotor_speed4
0.06,-9.59875159335e-07,-6.60106076465e-08,10.0028291994,6.28307659396,0.000713305676162,0.0,-7.50553709007e-05,-7.42483013024e-06,0.0943027867618,-0.00570739500193,0.0287684985993,0.0,434.0009008706909,436.4083334515737,435.20990079305784,434.73205991934367
0.12000000000000001,-3.05231393942e-05,-4.67134737163e-06,10.0149853073,6.28273186817,0.00199941590328,0.0,-0.00109836396698,-0.000187062216882,0.310866041631,-0.005821611533,-0.000244842470549,0.0,473.9528847807146,471.7181181551095,472.09192365161766,472.0832121682584
0.18,-0.000136536037282,-2.61634543681e-05,10.0361123427,6.28191178343,0.00178736070664,0.0,-0.00242505390045,-0.000578888295396,0.393343096655,-0.0379752707425,-0.0110944239212,0.0,431.74131433176825,430.8251587879998,432.9137054627727,430.20012524820135
0.23999999999999996,-0.000322177873522,-0.000100826138581,10.0655491878,6.27936922613,0.00180514532245,0.0,-0.00373273733745,-0.00218714066362,0.587804272252,-0.0530742519926,0.0166598756144,0.0,464.8730209303462,467.0424166147606,466.8325774257289,465.6521600487248
0.3,-0.000587312714505,-0.00032288620216,10.1037553512,6.27597101741,0.00299002648217,0.0,-0.00521668845251,-0.0055481314826,0.685678486105,-0.064929945567,0.0253015121467,0.0,436.17473842176855,436.8957118146218,437.1658023489166,436.1746445057329
0.36000000000000004,-0.00097719092587,-0.000842352043891,10.1507557275,6.27166088117,0.00443697341046,0.0,-0.0079510795687,-0.0122358443256,0.880865794176,-0.0915359318748,0.0216324287522,0.0,466.80113189691497,466.51481212783034,467.66678405127067,465.5860876183503
0.4200000000000001,-0.00155739184547,-0.00185295519749,10.2080187147,6.26646138785,0.00554587048211,0.0,-0.0115204801947,-0.0220302287884,1.02777107638,-0.0783563280578,0.0112888960849,0.0,453.53779665224295,452.7063195992482,451.07098395444365,452.12776707505424
0.48000000000000015,-0.00239760736466,-0.00363640628332,10.2782944203,6.2621462594,0.0058445223588,0.0,-0.0165543681407,-0.0379944429917,1.31445655311,-0.0614358197859,-0.0122721264887,0.0,494.62964071990945,492.89161718273266,493.0099431705254,494.25487092271027
0.5400000000000001,-0.00349914629676,-0.0063265164105,10.3583962986,6.25846173697,0.00549493619256,0.0,-0.0201149065436,-0.0520186593067,1.35555021679,-0.0613545619728,0.00467258576011,0.0,418.82498597407516,420.2960852198736,419.6379905707847,419.6421003059163
0.6000000000000002,-0.00482022233375,-0.00997100975401,10.4426638198,6.25458566641,0.00560393232493,0.0,-0.0239408406798,-0.0698446316667,1.4532370571,-0.072042943031,-0.00461458688381,0.0,438.640554702733,437.8686703211938,438.3423255814362,437.450107202357
0.6600000000000003,-0.0063892461028,-0.0148635556475,10.5360792857,6.25058813161,0.00518805231608,0.0,-0.0283181380851,-0.0937203317884,1.66031879102,-0.0575468521332,-0.0120222732473,0.0,471.85901810831297,471.28697274077757,471.47421089427445,472.5896633179374
0.7200000000000003,-0.00820173968935,-0.0212322912438,10.6404799163,6.24761708393,0.00428272449864,0.0,-0.0320079480875,-0.11891489029,1.8194496631,-0.0369863605064,-0.0220614317092,0.0,457.90003671355953,457.1008686476908,457.82996934964785,459.4612271570482
0.7800000000000004,-0.010219833598,-0.0292306301941,10.7559710534,6.24526306086,0.00239714000036,0.0,-0.0350903547623,-0.14795423316,2.02989431768,-0.0441555259372,-0.0669140029826,0.0,475.6626396012745,472.2148366020381,474.19691425747385,473.64523587951334
0.8400000000000004,-0.0123596417505,-0.038892760506,10.8805389003,6.24310127522,6.28201458972,0.0,-0.0358568990897,-0.174349818092,2.12218948355,-0.0233788216806,-0.047659938112,0.0,438.39739227114757,439.99156613836635,437.2220137801488,438.94880090698007
0.9000000000000005,-0.0144728804325,-0.0502591193985,11.0126317266,6.24135444099,6.27897010955,0.0,-0.0342591135216,-0.204687456917,2.28059211811,-0.044191292421,-0.0577501461636,0.0,459.8653635699848,459.0638665765071,460.41370317815114,458.76389985475515
0.9600000000000005,-0.0164056525684,-0.0636161552235,11.1572058995,6.2388638603,6.27591434509,0.0,-0.0297638858286,-0.240846472843,2.53799249646,-0.0366249074573,-0.0399365917128,0.0,489.0036640603024,490.3272893792768,488.5798475477842,489.142858453996
1.0200000000000005,-0.018030471591,-0.0790009539751,11.3126784611,6.23633662162,6.2732905727,0.0,-0.0241415371002,-0.272209982331,2.64416977172,-0.0563508968769,-0.0526624433776,0.0,445.93556062280436,444.8937234807391,445.96557080040503,444.3503820863109
1.0800000000000005,-0.0192761725166,-0.0962530705217,11.4730040199,6.23287046221,6.26980506135,0.0,-0.0170688567118,-0.303181726542,2.6998617104,-0.0607674772805,-0.0720904044047,0.0,430.30513460476874,428.6547271584775,430.2154697349736,429.8389147330642
1.1400000000000006,-0.0200105267306,-0.115486478844,11.6377464439,6.22944076127,6.26529782527,0.0,-0.00696834379972,-0.338276962757,2.79130272347,-0.0507835448545,-0.0819946102336,0.0,442.17271628311454,441.35152848428135,440.9198042413059,441.7415501691005
1.2000000000000006,-0.0200523618952,-0.136872466304,11.8075788952,6.22643955941,6.26073820757,0.0,0.00603674554825,-0.374878380152,2.86955356899,-0.0485356431898,-0.0661025784559,0.0,436.7101461000805,438.02895156038994,438.33371332169384,438.5188685862509
1.2600000000000007,-0.0191638858987,-0.160667331848,11.9847761867,6.22391602609,6.25625982871,0.0,0.0240293394722,-0.418561726295,3.03655688203,-0.0315210870572,-0.103114734558,0.0,468.18815737978616,465.29486683252117,464.21219169601386,465.5444617983494
1.3200000000000007,-0.0170405892156,-0.187230824176,12.1735594748,6.22198499166,6.25035128956,0.0,0.047452821664,-0.46708178677,3.25557639904,-0.0335433743823,-0.0905249293886,0.0,480.00972011977177,480.956570499653,483.79315121664285,483.6405693258625
1.3800000000000008,-0.013535511183,-0.21645470594,12.370636241,6.22006901779,6.24460745027,0.0,0.0699104738968,-0.50722679306,3.31344248611,-0.0288927791375,-0.108966829526,0.0,435.3221444231366,433.7679115005899,433.77392067694035,434.16389593393086
1.4400000000000008,-0.0084515111868,-0.248310544714,12.5741162463,6.2179243263,6.23889313075,0.0,0.100203849654,-0.554813776131,3.46871173787,-0.0552214798434,-0.0765540586444,0.0,463.6588544500322,466.1905699667417,466.13584568989876,464.07308393431714
1.5000000000000009,-0.00142465496645,-0.283084900736,12.7870314912,6.21461571483,6.23529420805,0.0,0.134443144482,-0.604666605162,3.62790801117,-0.0549881295579,-0.0387558359367,0.0,466.0646666130501,469.0068344061937,466.9656924550439,466.9820131198581
1.560000000000001,0.00765560043732,-0.320818953064,13.0079587382,6.21145315928,6.23287650409,0.0,0.16845950751,-0.653445946938,3.73593055621,-0.0485035604406,-0.0435654450556,0.0,453.1881832481694,452.8005977990916,452.3691227707051,452.88924405564643
1.620000000000001,0.0188265860585,-0.361542616047,13.2353234716,6.20819174972,6.230430256,0.0,0.204148254078,-0.704299916855,3.84248185399,-0.0698576032826,-0.0356986536627,0.0,452.59437452870094,453.2262726449643,454.352783946444,452.63537013855284
1.680000000000001,0.0319804070304,-0.405095356485,13.4651794359,6.20435113036,6.22859221083,0.0,0.234481258756,-0.747801387866,3.81940398021,-0.0543300295377,-0.0220573744712,0.0,412.0005788019066,413.20457512751057,410.8640416808383,412.23506647935943
1.740000000000001,0.0472988626546,-0.451777825323,13.6993760346,6.201229519,6.22707910567,0.0,0.27625871475,-0.80859526012,3.98651164678,-0.0477796732482,-0.0324375004562,0.0,472.5211340050248,471.72012165511217,472.41220861768363,472.91546607635934
1.8000000000000012,0.0650462859955,-0.502011066158,13.9415754523,6.19891379282,6.22535198373,0.0,0.315486750482,-0.866080703553,4.08638609174,-0.024678289939,-0.0223330391851,0.0,452.7376841490699,453.54977363014297,452.5402156424238,454.39524281646624
1.8600000000000012,0.0850546511896,-0.555554733779,14.187595982,6.19717888679,6.22387844819,0.0,0.351578870339,-0.918851210144,4.11414999532,-0.0391267113861,-0.0294297885742,0.0,431.46483727842576,430.8651000061118,431.99120808394275,430.7707272032301
1.9200000000000013,0.10716600706,-0.612169587198,14.4337567316,6.1944708406,6.22182059046,0.0,0.385627175206,-0.968532266035,4.0912337481,-0.0612068796636,-0.0464427892086,0.0,415.46630332615854,413.9711585384227,415.8036556766306,413.8630842271073
1.9800000000000013,0.131764805493,-0.672403758453,14.6850805268,6.19067988654,6.21943987868,0.0,0.434581776404,-1.03964486783,4.28540946356,-0.0674576015904,-0.0287590559633,0.0,482.4725629358272,483.8052051254184,482.6507404275687,482.17615198497276
2.0400000000000014,0.159108143559,-0.736644357051,14.9442725851,6.18652176634,6.2187808606,0.0,0.476944553072,-1.10208794164,4.35397545244,-0.0732703373746,0.0112360075099,0.0,446.0023728748483,449.2573463743428,445.40961535353097,444.9302815835011
2.1000000000000014,0.188954637021,-0.80464971268,15.206890299,6.18262071347,6.21913668656,0.0,0.51786955156,-1.16513301593,4.39969062337,-0.0522137806218,-0.00765534404447,0.0,440.9812867021171,439.4177855601934,438.68878797521694,440.4306067710652
2.1600000000000015,0.221401260622,-0.876743508416,15.4745395007,6.17951303723,6.21872569418,0.0,0.56369291316,-1.23828092016,4.52138162345,-0.0509694565361,-0.00528566924947,0.0,464.17622502949854,464.3622798665314,463.8848699532281,463.980975066071
2.2200000000000015,0.256193048697,-0.952631671509,15.7431423959,6.17645112987,6.21812867191,0.0,0.5960822859,-1.29159872069,4.43233503194,-0.0511567012118,-0.0214596693343,0.0,396.47724603677324,394.98830529650525,396.86756846184977,396.8483767844566
2.2800000000000016,0.29329204973,-1.03234626017,16.0117673515,6.17347526852,6.21705147948,0.0,0.640638731136,-1.36582900289,4.52137897837,-0.0466499649383,-0.0117296620174,0.0,453.8641032236844,454.64450206093403,454.9644180415228,455.3236679473598
2.3400000000000016,0.332726359114,-1.1159852606,16.2803749913,6.17075650404,6.21614939007,0.0,0.67391336187,-1.42239455004,4.43249120005,-0.0427648977695,-0.0226360206729,0.0,397.14518350795146,396.14347719901116,396.63295761280534,396.988192232671
2.4000000000000017,0.374259454431,-1.20320946991,16.5449445816,6.16843754258,6.21515079517,0.0,0.710620735631,-1.48530995649,4.38659648649,-0.031481234397,-0.0067590507055,0.0,410.75375670152357,412.159585069467,410.24577293946453,411.24569401977806
2.4600000000000017,0.417996418794,-1.29423025229,16.8065940493,6.16657711822,6.21499033089,0.0,0.747304233495,-1.54890699066,4.33518572536,-0.0300753953539,0.00444858449842,0.0,408.4850714070713,409.48348100254714,408.8696442795377,408.994470484842
2.520000000000002,0.463976606494,-1.38917426232,17.065778873,6.16538579475,6.21537838067,0.0,0.785338837721,-1.61604834158,4.30436678341,-0.0047583858045,0.0102271777225,0.0,415.3380851228227,415.8445481588737,414.69619133552635,416.914285615512
2.580000000000002,0.512373273207,-1.48841713995,17.3252139398,6.16523098752,6.21564947791,0.0,0.827816961593,-1.69207594935,4.3432685616,0.00145497923443,-0.0104700421975,0.0,439.505588265562,437.7865821560731,438.2795589722174,438.79577693198206
2.640000000000002,0.56339033253,-1.59236021844,17.5880822213,6.16537558432,6.21570491298,0.0,0.872741909393,-1.7726746486,4.41865696944,0.00425469832564,0.0172906683925,0.0,449.0365672658963,451.2832103120104,450.94334876742533,451.1694261184811
2.700000000000002,0.616936680719,-1.70086738245,17.8531448824,6.16529795254,6.21643148546,0.0,0.912044466932,-1.84425300635,4.416733949,-0.0157149895017,-0.00105832089935,0.0,427.3229463615214,425.7556354285739,427.2258276102716,425.51954336683957
2.760000000000002,0.672926686661,-1.81385208089,18.1195294484,6.1646747669,6.21641521418,0.0,0.954267461049,-1.92198371388,4.46250223897,-0.00142987964218,0.00125848601259,0.0,441.77977162153775,441.9707910206172,441.6576413248168,442.8345211201555
2.820000000000002,0.731524668185,-1.93165304854,18.3897969022,6.16422356249,6.21644216846,0.0,0.998956756368,-2.0047306195,4.54601213127,-0.0239131906699,-0.00122062462372,0.0,454.59738543211944,454.3986588660375,455.3347531329227,453.53239556610765
2.880000000000002,0.79273953147,-2.05432963801,18.6641446251,6.16293564973,6.21616766661,0.0,1.04152520859,-2.08462333369,4.59861196853,-0.0169712955891,-0.0123087732632,0.0,446.3360524477872,445.4301603964044,445.10165463007297,445.66947594867895
2.940000000000002,0.856445285387,-2.18170958561,18.9406378676,6.16161845215,6.21596376056,0.0,1.08201884468,-2.16150247325,4.6176701122,-0.0344667553237,0.010200643232,0.0,434.55022538640213,436.4333406104956,436.2776813207705,434.81417654832825
3.000000000000002,0.922686417202,-2.3139337335,19.2198729817,6.16026133324,6.21677753572,0.0,1.12590989632,-2.24612793583,4.68977534182,-0.00578176543133,0.0195577023975,0.0,451.82213500402594,452.5758748947343,452.1406378806915,454.44592085892015
3.0600000000000023,0.991332968099,-2.45088273978,19.5003291601,6.15949689363,6.21763323897,0.0,1.16221314445,-2.31894003365,4.65884261613,-0.0326927017055,0.0007097223291,0.0,420.77045714665246,419.13524603405045,421.5810514130399,419.24902214174494
3.1200000000000023,1.06214328707,-2.59222686194,19.7789161776,6.15746017064,6.21776726377,0.0,1.19811520437,-2.39275112772,4.62743474293,-0.0365758523415,0.0051199216537,0.0,420.2052092626844,420.58736306980967,419.55901950696244,419.2211420365721
3.1800000000000024,1.13515149885,-2.73813897032,20.0563620024,6.15522086531,6.21801599004,0.0,1.23545138186,-2.47122078154,4.62068939397,-0.0388565413253,0.00212143676978,0.0,427.77633979529344,427.52081642611046,428.508802007132,428.3141401192898
3.2400000000000024,1.21040631238,-2.8888345205,20.3335962049,6.15299338076,6.21826059371,0.0,1.2730072303,-2.55220524257,4.62034712691,-0.0338692200576,0.00772578104169,0.0,429.67626191392367,430.15111854991807,430.47880854996123,430.8999919374541
3.3000000000000025,1.28810224979,-3.04483340459,20.6138114756,6.15077027456,6.21940389932,0.0,1.31671925384,-2.64796257489,4.71962250526,-0.0443265113147,0.0353524455927,0.0,461.5137469567466,463.68940636090156,462.02794602467395,461.2020310842281
3.3600000000000025,1.36832673356,-3.20650902651,20.8990170211,6.14768290474,6.22145506371,0.0,1.35718275022,-2.74150443368,4.78681833303,-0.0721678782859,0.0317454088401,0.0,453.63685185383866,453.3475298228682,454.244685822611,452.00429788776376
3.4200000000000026,1.45061003111,-3.37315650537,21.1830035202,6.14325610835,6.22340498272,0.0,1.38546044083,-2.81383138006,4.67974261387,-0.0772143643287,0.0339638218007,0.0,396.7291908902602,396.93340211506325,395.7081595421003,395.23824987012597
3.4800000000000026,1.53474438472,-3.54466032616,21.4636676148,6.13869880881,6.22540409713,0.0,1.4188176549,-2.90340662071,4.67558901646,-0.0735496009093,0.0319960793601,0.0,430.8440952480091,430.6781444894565,430.4178663938192,430.72320226326974
3.5400000000000027,1.62092877757,-3.72185117566,21.7455821278,6.13412879839,6.22763912893,0.0,1.4537594249,-3.0033937466,4.72119029495,-0.0819919631173,0.046099650656,0.0,446.0282037862098,447.17934268768875,447.8263624900638,447.1344507794672
3.6000000000000028,1.70915876291,-3.90513936582,22.030197537,6.12934090934,6.23024918366,0.0,1.48694629217,-3.10668583192,4.76560913937,-0.0757389391639,0.037719897221,0.0,447.02262548730874,446.3401916740786,447.998310083228,448.5014628318647
3.660000000000003,1.799060355,-4.09394615832,22.3124457982,6.12457206957,6.23251997213,0.0,1.50961879016,-3.18733534604,4.6430554529,-0.088266767324,0.0380983721938,0.0,391.7370612773772,391.77315504487257,392.50915673736273,391.33846066112403
3.720000000000003,1.89053875564,-4.28847282503,22.5922864456,6.11937266018,6.23462076215,0.0,1.53941762733,-3.29739950556,4.68456637695,-0.083619050426,0.0279932643976,0.0,447.3222378727586,446.49897752613845,446.09224468431415,446.46548294389424
3.780000000000003,1.98390824556,-4.49020989307,22.877570267,6.11430518486,6.23581258971,0.0,1.57267548665,-3.42766218665,4.82401163042,-0.0861896086223,-0.00605437035024,0.0,478.83875938438405,476.24123514137654,477.6890840205536,477.4876923010673
3.840000000000003,2.0790726372,-4.69925057508,23.1674677151,6.10896059243,6.23525424482,0.0,1.59948913354,-3.54087228959,4.83890268089,-0.0955809834523,-0.0167644379413,0.0,441.8201501083127,440.93621608386246,440.67938497787065,439.8955213659426
3.900000000000003,2.17584257496,-4.91515372805,23.4579793461,6.10311078685,6.23493759837,0.0,1.62620741067,-3.65645782107,4.84449840916,-0.101630109123,0.0111865430648,0.0,438.10495960496115,440.4233014352681,438.14248690768295,437.6308696248172
3.960000000000003,2.27425171538,-5.13825754465,23.7495805575,6.09668396532,6.23583841273,0.0,1.65399078791,-3.78093631601,4.8750823799,-0.12129056053,0.0217393573919,0.0,446.5897435791858,447.449719932806,448.428615371032,446.81817199948904
4.020000000000002,2.37427237285,-5.36883947008,24.0422997741,6.09034873559,6.2370917492,0.0,1.67988742616,-3.90576867059,4.88185632026,-0.0851101407426,0.0191315997537,0.0,440.73807355554214,440.5224452404357,439.24672134398367,442.2268270668938
4.080000000000001,2.47582775096,-5.60706918059,24.3355549822,6.08558120216,6.23867680287,0.0,1.70513606066,-4.03572476226,4.89296705023,-0.0700521455757,0.0380159791499,0.0,441.9278560049986,443.48213441803546,442.3447080596128,443.57802498125454
4.14,2.57874212135,-5.8526697888,24.6268014988,6.08140068999,6.24051605891,0.0,1.72516688429,-4.15144741041,4.81536692492,-0.068932166689,0.00884069867644,0.0,414.54095271927196,411.96908291081354,414.57315999961514,414.66750398283483
4.199999999999998,2.68276178749,-6.1049778952,24.9117863217,6.07715553738,6.2405306477,0.0,1.74213370175,-4.25933236838,4.68447980118,-0.0746651035767,-0.0286914962779,0.0,396.0586597201738,392.59074972748414,395.5814798550138,395.04856417943586
4.259999999999997,2.78802043913,-6.36488390718,25.1938458502,6.07271790176,6.2388627913,0.0,1.76662429272,-4.40467101856,4.71699365747,-0.0725882989316,-0.0260674748311,0.0,449.4723161725904,449.68477459060506,449.4859532023193,449.65005944421983
4.319999999999996,2.89485195199,-6.63396964086,25.4794526418,6.06818816818,6.23777630543,0.0,1.79451974946,-4.56530389183,4.80243576799,-0.0820529254291,-0.00566067005376,0.0,466.9536333564565,468.5431445515917,467.0707037768127,466.32762680477305
4.379999999999995,3.00321511105,-6.91207216477,25.7667587024,6.06352331314,6.23764947422,0.0,1.81758723918,-4.70531130122,4.77419837527,-0.0702939236131,0.0041741989945,0.0,431.5512328315886,432.38079416023544,432.80970480315705,433.7934107817407
4.439999999999993,3.113003228,-7.19889187924,26.0532700912,6.05915265415,6.23750997592,0.0,1.84198120783,-4.85583498752,4.77579723395,-0.0785037245882,-0.0203264638516,0.0,444.1504752136624,442.13615190550166,443.0729330226703,442.3931602185313
4.499999999999992,3.2241330847,-7.4942413399,26.3371586822,6.05457057722,6.23649603544,0.0,1.86243091747,-4.98971011453,4.68720007914,-0.072408411526,-0.0108006719721,0.0,412.59701721681927,413.4373941375994,413.741365224567,414.27269117395633
4.559999999999991,3.33656115655,-7.79801628694,26.6169379116,6.05015039675,6.23604845241,0.0,1.88520264126,-5.13665838848,4.63860810485,-0.0763181063155,-0.00149871879325,0.0,426.6655873080589,427.45927721781254,427.37685581382334,427.0389473427733
4.6199999999999894,3.45041101225,-8.1109762793,26.8948499971,6.04607490759,6.23553784736,0.0,1.90978975681,-5.29586243615,4.62477003323,-0.0549504971334,-0.0286976389474,0.0,439.765034861109,437.5058996807803,438.6805230660095,440.447885363453
4.679999999999988,3.56565038401,-8.43312037565,27.1699298937,6.04291620501,6.23432374589,0.0,1.93163138056,-5.44277595686,4.54456176355,-0.0483940246824,-0.00717239201509,0.0,416.275825746378,418.1555118608325,417.4903918916369,418.0601756954682
4.739999999999987,3.6822591286,-8.7643950545,27.4410731744,6.04007969636,6.23412561104,0.0,1.95533706917,-5.60018449997,4.49341110925,-0.0451270456835,0.00349091368421,0.0,427.7286055243065,428.63601325821304,426.52107159348503,426.7986052241223
4.799999999999986,3.80009040312,-9.10423540126,27.7051999861,6.03758165477,6.23425355188,0.0,1.97237777529,-5.72840819148,4.31135479394,-0.0354329762938,-0.00073370079582,0.0,380.6793266919348,380.27471930122596,380.8156379480931,381.7407589138629
4.859999999999984,3.91907258122,-9.45251331812,27.9610108342,6.03554262321,6.23421130789,0.0,1.99369306326,-5.88134433161,4.21577036782,-0.0312332093004,-0.00064485844689,0.0,411.6474945390313,411.65537372178204,410.5307043170457,410.90268603077953
4.919999999999983,4.03950077331,-9.8109101794,28.2144383237,6.03352893117,6.23493199545,0.0,2.02050621556,-6.06560648266,4.23135081381,-0.0386791813336,0.02966737094,0.0,447.2154595087357,449.67807385897896,448.69846255806254,448.09300855959367
4.979999999999982,4.16157025187,-10.1807496601,28.4699001113,6.03154116784,6.23680959766,0.0,2.04824574124,-6.26276103384,4.28338502931,-0.0238615171418,0.0343611998094,0.0,461.6450977297376,462.015685957395,459.6385829719941,460.8111730611145
5.0399999999999805,4.28546102266,-10.5636042272,28.7326729018,6.03030121149,6.23873305161,0.0,2.08112337358,-6.49923454706,4.47434650032,-0.014938743001,0.0269995755102,0.0,504.1300970078105,503.5980496842703,503.9314133424519,504.5761451696167
